source,target,distance_KM
64430,58559,0.42967593865928305
64430,76868,0.4640084821621352
64430,280,0.19464144569938008
64430,49078,0.3681120442192054
64430,69026,0.46840103413078693
64430,40918,0.5030744541878012
64430,60515,0.022748509234255893
64430,44978,0.3702005797807368
64430,19797,0.49157346015235953
64430,27887,0.053105890567628856
64430,39868,0.11782848131129908
64430,61114,0.3774911441392794
64430,16200,0.17325566512206356
64430,33970,0.37208976593314186
64430,41985,0.2150667802678537
64430,72179,0.46395219118782033
64430,87125,0.19654420191963315
64430,11705,0.43045001638378727
64430,82766,0.560723667228326
64430,60568,0.2704633145642666
64430,70412,0.39295904360167305
64430,2521,0.1689717377499246
64430,99677,0.033121969545581095
64430,46167,0.15603631804798093
64430,1924,0.04257546639537071
64430,10515,0.23521645910649652
64430,45812,0.5033230690086362
64430,76976,0.4810405532233926
64430,69032,0.21328810530770578
64430,78442,0.2362101240679237
64430,83634,0.5030745166804987
64430,3125,0.344741481543209
64430,61323,0.4482300660045321
64430,50720,0.5575745925548635
64430,73133,0.3850207993897102
64430,5359,0.35728289770242727
64430,29293,0.3525152390440538
64430,43753,0.4600963971942348
64430,54449,0.4496338909583873
64430,60282,0.45934504883913624
64430,30923,0.1649301485215809
64430,23238,0.3519679068656966
64430,73113,0.22000606590459043
64430,96097,0.27856462470042676
64430,91073,0.5864851012799985
64430,714,0.3946548199624911
64430,73844,0.0835021810066312
64430,99303,0.40999375044745207
64430,6984,0.4305112102441479
64430,32605,0.2083083298696712
64430,40788,0.0614844509078749
64430,92795,0.20747489365961508
64430,68863,0.36088395647220384
64430,70282,0.5177171662833179
64430,70528,0.27247532511886674
64430,46507,0.4027527214583985
64430,85718,0.20423663385605584
64430,8115,0.3810933888325013
64430,74966,0.2392448207176704
58559,64430,0.42967593865928305
58559,76868,0.41807864863138644
58559,280,0.5593349444938307
58559,49078,0.6360208569317495
58559,69026,0.553462075588117
58559,40918,0.2897277934644465
58559,60515,0.45134441278946663
58559,44978,0.19019680487326784
58559,19797,0.48147888629301516
58559,27887,0.3897381874976556
58559,39868,0.36088654070471893
58559,61114,0.30902804305820814
58559,16200,0.2911001772327203
58559,33970,0.558528141454401
58559,41985,0.22980254051310947
58559,72179,0.4413472123334453
58559,87125,0.37740389865110147
58559,11705,0.374121354367337
58559,82766,0.3150853454746599
58559,60568,0.36253637816764644
58559,70412,0.46161237877450534
58559,2521,0.3088342995847556
58559,99677,0.4405242793064194
58559,46167,0.29011492063675787
58559,1924,0.4008727533521195
58559,10515,0.28394034089617437
58559,45812,0.19396124367704073
58559,76976,0.4850573242860609
58559,69032,0.25788448655802954
58559,78442,0.21649120889917767
58559,83634,0.2897276086267738
58559,3125,0.3987306496014193
58559,61323,0.5744234620177062
58559,50720,0.3233216649098579
58559,73133,0.16684439300910556
58559,5359,0.3503098948533156
58559,29293,0.3989771515989955
58559,43753,0.6374549604000077
58559,54449,0.4143042576916501
58559,60282,0.27295607020643514
58559,30923,0.2730106687312817
58559,23238,0.08039426184461824
58559,73113,0.3946241375661313
58559,96097,0.16614460736948172
58559,91073,0.35708385095532624
58559,714,0.5390583494251057
58559,73844,0.3547668968303603
58559,99303,0.04982732635475133
58559,6984,0.49477847163540334
58559,32605,0.3001907615788154
58559,40788,0.43521862063734923
58559,92795,0.2750852741665552
58559,68863,0.14759417635252442
58559,70282,0.30185285220975655
58559,70528,0.2569291560168781
58559,46507,0.02836682356123856
58559,85718,0.2344550703372638
58559,8115,0.04867404370752599
58559,74966,0.2561712894760807
76868,64430,0.4640084821621352
76868,58559,0.41807864863138644
76868,280,0.427564921065188
76868,49078,0.3612927603042992
76868,69026,0.16459442247457653
76868,40918,0.1766456028648103
76868,60515,0.4708594468380733
76868,44978,0.2305987207856954
76868,19797,0.06426658668913124
76868,27887,0.4711281972910537
76868,39868,0.5042017114490134
76868,61114,0.11891785378354412
76868,16200,0.31822901124483
76868,33970,0.24929230991305446
76868,41985,0.32995035789036326
76868,72179,0.027678929116208974
76868,87125,0.26919713372883686
76868,11705,0.04613391253691145
76868,82766,0.2148826105125656
76868,60568,0.1937520595828965
76868,70412,0.11686932349507584
76868,2521,0.31041014753059526
76868,99677,0.4957250186025435
76868,46167,0.45526191785078535
76868,1924,0.4739251181702812
76868,10515,0.2502296900722734
76868,45812,0.28033654882888354
76868,76976,0.07165266085139162
76868,69032,0.295624300291797
76868,78442,0.31393898943431603
76868,83634,0.1766458622755682
76868,3125,0.1246360441553325
76868,61323,0.20640520505699272
76868,50720,0.2022846770165457
76868,73133,0.25160468806962893
76868,5359,0.11000121308471758
76868,29293,0.11644141495927865
76868,43753,0.28428403699997207
76868,54449,0.015006039320240633
76868,60282,0.16090215450683568
76868,30923,0.43610267089639526
76868,23238,0.37515829394390937
76868,73113,0.2505819335969481
76868,96097,0.3278306203653809
76868,91073,0.20661876161572854
76868,714,0.20417832213740908
76868,73844,0.45590184339421963
76868,99303,0.3683145137202208
76868,6984,0.11843406967537537
76868,32605,0.2699633099774297
76868,40788,0.5165146128800471
76868,92795,0.28741139784918796
76868,68863,0.27650022407321484
76868,70282,0.178315095955233
76868,70528,0.23150854890389028
76868,46507,0.41612302999847006
76868,85718,0.344571200544843
76868,8115,0.3983839412879184
76868,74966,0.26592459992691586
280,64430,0.19464144569938008
280,58559,0.5593349444938307
280,76868,0.427564921065188
280,49078,0.1910918755671528
280,69026,0.3637690767623771
280,40918,0.5317865813057121
280,60515,0.1775746094956021
280,44978,0.43735768872819736
280,19797,0.42911398415742324
280,27887,0.24559001747154047
280,39868,0.3114194324817537
280,61114,0.38791055254734125
280,16200,0.26823610679064164
280,33970,0.23922978197235636
280,41985,0.3299071923215298
280,72179,0.41590247044200984
280,87125,0.19937401205871402
280,11705,0.4110638575954773
280,82766,0.5895284945087333
280,60568,0.25995559974111876
280,70412,0.32198500599008434
280,2521,0.25077938922862225
280,99677,0.2175207743182686
280,46167,0.3338624589784426
280,1924,0.2364515821846423
280,10515,0.29116276653651224
280,45812,0.5716188476181508
280,76976,0.41446214420295624
280,69032,0.30316739881274124
280,78442,0.3430969896164849
280,83634,0.531786732780257
280,3125,0.3057559531228566
280,61323,0.3272385587157032
280,50720,0.5821019841355872
280,73133,0.46031678632884515
280,5359,0.3461792783858163
280,29293,0.3136624300969739
280,43753,0.3105400399877656
280,54449,0.41272470564519215
280,60282,0.48983229100635145
280,30923,0.33482071561043814
280,23238,0.47912783507169276
280,73113,0.198555936014799
280,96097,0.3934015833735355
280,91073,0.6030225751651765
280,714,0.27915875007379803
280,73844,0.26816614315777804
280,99303,0.5263560416110471
280,6984,0.34803151482781347
280,32605,0.267405679756057
280,40788,0.24810625463201091
280,92795,0.2873887112054531
280,68863,0.4485207011671841
280,70282,0.5436305018527127
280,70528,0.3296816272050885
280,46507,0.5362804357478627
280,85718,0.3272168676153655
280,8115,0.512179907516454
280,74966,0.31286084160541233
49078,64430,0.3681120442192054
49078,58559,0.6360208569317495
49078,76868,0.3612927603042992
49078,280,0.1910918755671528
49078,69026,0.23414922987870704
49078,40918,0.5140731174544921
49078,60515,0.35600884181995057
49078,44978,0.4710809709854211
49078,19797,0.3345865986865074
49078,27887,0.41241136324643074
49078,39868,0.4761716005608145
49078,61114,0.3787052532185595
49078,16200,0.36761493439896886
49078,33970,0.11245251520358533
49078,41985,0.42613225762580154
49078,72179,0.3396043948880834
49078,87125,0.2648631997743646
49078,11705,0.3662059003347872
49078,82766,0.5649282438325611
49078,60568,0.2765065587008553
49078,70412,0.24497126495558708
49078,2521,0.34767127550776905
49078,99677,0.39644130834637403
49078,46167,0.478400265210683
49078,1924,0.40580032893341766
49078,10515,0.35290633348537187
49078,45812,0.5874809082359013
49078,76976,0.3182010581889504
49078,69032,0.3875183486162891
49078,78442,0.4301446233307349
49078,83634,0.5140733357011211
49078,3125,0.2717169943732281
49078,61323,0.18549239402399173
49078,50720,0.5541213660900471
49078,73133,0.49761404116392727
49078,5359,0.32719716191459464
49078,29293,0.27666514501925843
49078,43753,0.13619504323586354
49078,54449,0.349065624079757
49078,60282,0.47994374458766037
49078,30923,0.4724017021659875
49078,23238,0.561420411295614
49078,73113,0.2431360623811249
49078,96097,0.4769390621710354
49078,91073,0.5649281478918134
49078,714,0.16015500350575712
49078,73844,0.42575142967651364
49078,99303,0.5932719788067956
49078,6984,0.2489924370639369
49078,32605,0.3408426046408528
49078,40788,0.42740241855436845
49078,92795,0.36924333292398454
49078,68863,0.4989905565506348
49078,70282,0.5216213258541161
49078,70528,0.3797103466063947
49078,46507,0.6188225983482242
49078,85718,0.4302017566377236
49078,8115,0.5946390688352943
49078,74966,0.38158075877476855
69026,64430,0.46840103413078693
69026,58559,0.553462075588117
69026,76868,0.16459442247457653
69026,280,0.3637690767623771
69026,49078,0.23414922987870704
69026,40918,0.3407153118962864
69026,60515,0.4673118554744988
69026,44978,0.3639675407927333
69026,19797,0.1140056125970841
69026,27887,0.49303411217172344
69026,39868,0.5424995004414258
69026,61114,0.24581229436534233
69026,16200,0.371622559117474
69026,33970,0.13023902824263983
69026,41985,0.40766413561537235
69026,72179,0.13715163113991014
69026,87125,0.28249391289780873
69026,11705,0.19344154150521148
69026,82766,0.37883342258368813
69026,60568,0.2298067516839329
69026,70412,0.09562049640814212
69026,2521,0.35635729539491584
69026,99677,0.5014806770768407
69026,46167,0.5124277436802284
69026,1924,0.4918386585268021
69026,10515,0.31783912888689764
69026,45812,0.4400344950005096
69026,76976,0.09905278529307822
69026,69032,0.3663614094146031
69026,78442,0.3991017978817387
69026,83634,0.3407155687178109
69026,3125,0.16280120465233527
69026,61323,0.05021377438156316
69026,50720,0.36593382081352793
69026,73133,0.389055686626542
69026,5359,0.20363982564711405
69026,29293,0.15983188401950202
69026,43753,0.12549581303361046
69026,54449,0.158818419170693
69026,60282,0.32039036852853614
69026,30923,0.49751010956492014
69026,23238,0.4964045205013225
69026,73113,0.2547239144243965
69026,96097,0.42969414961777924
69026,91073,0.36671220523933307
69026,714,0.08488969763145683
69026,73844,0.48929759962113867
69026,99303,0.5042300695725971
69026,6984,0.05871789745814919
69026,32605,0.3249549480312345
69026,40788,0.5285017309379584
69026,92795,0.3516629088751983
69026,68863,0.4060021577297985
69026,70282,0.3428842563642504
69026,70528,0.3196499280896102
69026,46507,0.545812972083623
69026,85718,0.4191222808375847
69026,8115,0.5248115231776036
69026,74966,0.3435632515864886
40918,64430,0.5030744541878012
40918,58559,0.2897277934644465
40918,76868,0.1766456028648103
40918,280,0.5317865813057121
40918,49078,0.5140731174544921
40918,69026,0.3407153118962864
40918,60515,0.5170013217797412
40918,44978,0.14881322842335312
40918,19797,0.23674747746231714
40918,27887,0.49103014808205997
40918,39868,0.5018884234410651
40918,61114,0.14429067773326043
40918,16200,0.33118394145855506
40918,33970,0.40721008949105403
40918,41985,0.3089075307328841
40918,72179,0.20432371511058245
40918,87125,0.3383385424098025
40918,11705,0.15187572292327794
40918,82766,0.05861651651998811
40918,60568,0.27184585906155595
40918,70412,0.2756201483327742
40918,2521,0.33412165018169915
40918,99677,0.5296117040640433
40918,46167,0.43687799442031044
40918,1924,0.4977372791179408
40918,10515,0.2684211127935131
40918,45812,0.11252092425886343
40918,76976,0.2472208670774902
40918,69032,0.29363041391326256
40918,78442,0.28682942898976
40918,83634,2.62700230079045e-07
40918,3125,0.24381926118881084
40918,61323,0.37978844229735353
40918,50720,0.054541968826045506
40918,73133,0.15104543855145813
40918,5359,0.19125498727489587
40918,29293,0.23808405492211
40918,43753,0.45649380942946505
40918,54449,0.18201537399824552
40918,60282,0.04391179056393583
40918,30923,0.41527374267434086
40918,23238,0.2771369069866444
40918,73113,0.3336370089373428
40918,96097,0.27185249670984474
40918,91073,0.0859420575329985
40918,714,0.3679188131281382
40918,73844,0.4652363722924542
40918,99303,0.24455375786427672
40918,6984,0.2901987841760692
40918,32605,0.2958744558872687
40918,40788,0.5416523740843004
40918,92795,0.29628401018544925
40918,68863,0.18514818436713126
40918,70282,0.015472641300727697
40918,70528,0.2306249566903809
40918,46507,0.29795244150321837
40918,85718,0.3241807087920994
40918,8115,0.2879861329472131
40918,74966,0.2649882870622772
60515,64430,0.022748509234255893
60515,58559,0.45134441278946663
60515,76868,0.4708594468380733
60515,280,0.1775746094956021
60515,49078,0.35600884181995057
60515,69026,0.4673118554744988
60515,40918,0.5170013217797412
60515,44978,0.3867913141456231
60515,19797,0.49572866232963064
60515,27887,0.0748232800594603
60515,39868,0.1380951493143581
60515,61114,0.38847840651372145
60515,16200,0.18938578152068516
60515,33970,0.36639899273734794
60515,41985,0.2343291475666726
60515,72179,0.4695066113952196
60515,87125,0.20189616653103004
60515,11705,0.4388437631555338
60515,82766,0.5749707330449233
60515,60568,0.27712779813448446
60515,70412,0.3950866494979828
60515,2521,0.18327918743554
60515,99677,0.0405521189595234
60515,46167,0.1787525298534027
60515,1924,0.06367320625951975
60515,10515,0.24860280543098678
60515,45812,0.5208484151373521
60515,76976,0.4846305953534581
60515,69032,0.2299429922044739
60515,78442,0.25502438395481164
60515,83634,0.5170013932315112
60515,3125,0.3497983052393952
60515,61323,0.44488864476452067
60515,50720,0.5713989507603788
60515,73133,0.40247167252835253
60515,5359,0.3656678483915857
60515,29293,0.3577203660357713
60515,43753,0.45295850326763204
60515,54449,0.45629759464944286
60515,60282,0.4731539890019476
60515,30923,0.18763479973641614
60515,23238,0.3732649908087941
60515,73113,0.22351218271938625
60515,96097,0.2985488041385828
60515,91073,0.5996784818562882
60515,714,0.3914488246916249
60515,73844,0.10616951680545886
60515,99303,0.4308076287690814
60515,6984,0.4317419832477073
60515,32605,0.2212701763988564
60515,40788,0.07155125162540711
60515,92795,0.22286537253651975
60515,68863,0.3792372224429465
60515,70282,0.5314605927727308
60515,70528,0.2868219213672681
60515,46507,0.4245646393115898
60515,85718,0.22410533613711603
60515,8115,0.40271852630264376
60515,74966,0.25469793702824367
44978,64430,0.3702005797807368
44978,58559,0.19019680487326784
44978,76868,0.2305987207856954
44978,280,0.43735768872819736
44978,49078,0.4710809709854211
44978,69026,0.3639675407927333
44978,40918,0.14881322842335312
44978,60515,0.3867913141456231
44978,19797,0.29290521203600445
44978,27887,0.3510911006869394
44978,39868,0.355776445031342
44978,61114,0.11884268558610898
44978,16200,0.1974126216147241
44978,33970,0.38134957277371945
44978,41985,0.1637283591641601
44978,72179,0.25250980004108464
44978,87125,0.23835647174565353
44978,11705,0.18547796359743327
44978,82766,0.2002550139456016
44978,60568,0.19584787676117707
44978,70412,0.27382012378306936
44978,2521,0.20553971314134656
44978,99677,0.39362534872307076
44978,46167,0.289033361011865
44978,1924,0.3589551359819073
44978,10515,0.14798999247650318
44978,45812,0.136379980947197
44978,76976,0.29559783115292443
44978,69032,0.15694142091815572
44978,78442,0.14120033401213897
44978,83634,0.14881318783638148
44978,3125,0.2141700215821246
44978,61323,0.3874323806784551
44978,50720,0.2008640310631027
44978,73133,0.02677631171019211
44978,5359,0.16224713071353294
44978,29293,0.21320024993589642
44978,43753,0.45414785893497917
44978,54449,0.22553683244312822
44978,60282,0.11178482480398058
44978,30923,0.26736965816826636
44978,23238,0.14596223673850203
44978,73113,0.24515154274618758
44978,96097,0.12316741639362747
44978,91073,0.23427938987375238
44978,714,0.35606308215786453
44978,73844,0.32269960557628585
44978,99303,0.1405744397480005
44978,6984,0.3054147523120641
44978,32605,0.1744410627411185
44978,40788,0.4021113388270599
44978,92795,0.1647577489874771
44978,68863,0.04616584457054125
44978,70282,0.1642594888913123
44978,70528,0.10816463054267118
44978,46507,0.1858471824416175
44978,85718,0.17845806829596117
44978,8115,0.1677947790336094
44978,74966,0.1333224645577773
19797,64430,0.49157346015235953
19797,58559,0.48147888629301516
19797,76868,0.06426658668913124
19797,280,0.42911398415742324
19797,49078,0.3345865986865074
19797,69026,0.1140056125970841
19797,40918,0.23674747746231714
19797,60515,0.49572866232963064
19797,44978,0.29290521203600445
19797,27887,0.5047929956984764
19797,39868,0.5436297860450046
19797,61114,0.17746136156536385
19797,16200,0.3596671546716311
19797,33970,0.22287837220849338
19797,41985,0.37928032643245285
19797,72179,0.04047769976513013
19797,87125,0.2950987913491774
19797,11705,0.10747763442700342
19797,82766,0.2688640392041269
19797,60568,0.22388239051909117
19797,70412,0.1072733867618702
19797,2521,0.349182046826932
19797,99677,0.524189166983094
19797,46167,0.500075151819136
19797,1924,0.506279117776555
19797,10515,0.29450130208590675
19797,45812,0.34328209821478284
19797,76976,0.016387197891147204
19797,69032,0.3421390425086785
19797,78442,0.3652101275555428
19797,83634,0.23674773987157907
19797,3125,0.1473898352613129
19797,61323,0.16176155483780905
19797,50720,0.2555659116161634
19797,73133,0.31473627877009913
19797,5359,0.15544489406696638
19797,29293,0.1399819850875162
19797,43753,0.23911198070235776
19797,54449,0.06736925761106684
19797,60282,0.22444216877981105
19797,30923,0.4819922183114665
19797,23238,0.4361164518331996
19797,73113,0.27221670588411584
19797,96097,0.3839303639713837
19797,91073,0.2538075108787475
19797,714,0.17450765645710323
19797,73844,0.49318289767912094
19797,99303,0.43166734216955277
19797,6984,0.0864815054979994
19797,32605,0.31062804283168655
19797,40788,0.5473687823305823
19797,92795,0.3316484948516128
19797,68863,0.3384411218674769
19797,70282,0.23653086250816152
19797,70528,0.2818750875605946
19797,46507,0.4787327174049391
19797,85718,0.39318955845085907
19797,8115,0.46040282427633505
19797,74966,0.31390995989087767
27887,64430,0.053105890567628856
27887,58559,0.3897381874976556
27887,76868,0.4711281972910537
27887,280,0.24559001747154047
27887,49078,0.41241136324643074
27887,69026,0.49303411217172344
27887,40918,0.49103014808205997
27887,60515,0.0748232800594603
27887,44978,0.3510911006869394
27887,19797,0.5047929956984764
27887,39868,0.06584260841490348
27887,61114,0.37500342682276827
27887,16200,0.16115980669240934
27887,33970,0.4061667469974973
27887,41985,0.18912717980280197
27887,72179,0.47416417294961455
27887,87125,0.21252305245089786
27887,11705,0.43408757109966667
27887,82766,0.5473601722072254
27887,60568,0.28094563778261217
27887,70412,0.41158113451903783
27887,2521,0.16313679439937906
27887,99677,0.05109845231901851
27887,46167,0.10654683397894121
27887,1924,0.01181502687985456
27887,10515,0.22902262381170968
27887,45812,0.47990507015319517
27887,76976,0.4956198687190531
27887,69032,0.1973999799896279
27887,78442,0.21148426778481016
27887,83634,0.49103018371918244
27887,3125,0.35749965499669867
27887,61323,0.4774161898854696
27887,50720,0.5454751031358241
27887,73133,0.3628143577581953
27887,5359,0.3618640293460824
27887,29293,0.3648145404146035
27887,43753,0.4960982681119021
27887,54449,0.4573384470296196
27887,60282,0.4479964947073899
27887,30923,0.11864310212517414
27887,23238,0.3144316932565672
27887,73113,0.23907369292954866
27887,96097,0.24802898489594116
27887,91073,0.576048974712858
27887,714,0.4240088946506353
27887,73844,0.03513006275373176
27887,99303,0.37439736217524466
27887,6984,0.4506643196521106
27887,32605,0.20441417489585323
27887,40788,0.05102231468738735
27887,92795,0.19610784832184683
27887,68863,0.3357163976097056
27887,70282,0.5061081973732918
27887,70528,0.262281664049449
27887,46507,0.3621367431215817
27887,85718,0.17599940663053348
27887,8115,0.3416338557843601
27887,74966,0.22649475572438216
39868,64430,0.11782848131129908
39868,58559,0.36088654070471893
39868,76868,0.5042017114490134
39868,280,0.3114194324817537
39868,49078,0.4761716005608145
39868,69026,0.5424995004414258
39868,40918,0.5018884234410651
39868,60515,0.1380951493143581
39868,44978,0.355776445031342
39868,19797,0.5436297860450046
39868,27887,0.06584260841490348
39868,61114,0.39944992630544596
39868,16200,0.1860666448549395
39868,33970,0.4636813972165204
39868,41985,0.19298089837500743
39868,72179,0.5103585535651309
39868,87125,0.26001774600927957
39868,11705,0.4640516167000098
39868,82766,0.5557679609879105
39868,60568,0.32122834880321516
39868,70412,0.4565873055584537
39868,2521,0.19456025980905003
39868,99677,0.10493597859134776
39868,46167,0.07229029191445366
39868,1924,0.07530708693129297
39868,10515,0.2548475625831114
39868,45812,0.4757827911372137
39868,76976,0.5358776945975781
39868,69032,0.2141538154070125
39868,78442,0.2151429520319891
39868,83634,0.5018884247983657
39868,3125,0.39799496388230804
39868,61323,0.530769966480841
39868,50720,0.555508786945597
39868,73133,0.3628972448005047
39868,5359,0.3942172576664695
39868,29293,0.4047361791504662
39868,43753,0.5545092266109424
39868,54449,0.4912048701589254
39868,60282,0.46044525404963565
39868,30923,0.09258131858729618
39868,23238,0.2918369695335983
39868,73113,0.28799405434538833
39868,96097,0.2402824509810838
39868,91073,0.5878015498580251
39868,714,0.47788571081854697
39868,73844,0.05361649697176751
39868,99303,0.35355032787512003
39868,6984,0.4965840469368049
39868,32605,0.23430415906938243
39868,40788,0.08457003684994498
39868,92795,0.21841306862782758
39868,68863,0.3323813138272714
39868,70282,0.5172876750442935
39868,70528,0.2817229315998955
39868,46507,0.3325873469523334
39868,85718,0.17774979646951314
39868,8115,0.31473659536839316
39868,74966,0.24491433328590095
61114,64430,0.3774911441392794
61114,58559,0.30902804305820814
61114,76868,0.11891785378354412
61114,280,0.38791055254734125
61114,49078,0.3787052532185595
61114,69026,0.24581229436534233
61114,40918,0.14429067773326043
61114,60515,0.38847840651372145
61114,44978,0.11884268558610898
61114,19797,0.17746136156536385
61114,27887,0.37500342682276827
61114,39868,0.39944992630544596
61114,16200,0.21512555261575295
61114,33970,0.27822895353662436
61114,41985,0.21588556371281228
61114,72179,0.13709314513432655
61114,87125,0.19800706107418997
61114,11705,0.07291061990436737
61114,82766,0.20163870318857516
61114,60568,0.12806112953138876
61114,70412,0.15868818160881862
61114,2521,0.21197293298592532
61114,99677,0.4069019326905707
61114,46167,0.3445611529031465
61114,1924,0.37969133221626783
61114,10515,0.14618070786528
61114,45812,0.20971587247900159
61114,76976,0.17843938342317275
61114,69032,0.18584098286200185
61114,78442,0.19811939745819154
61114,83634,0.14429084277677215
61114,3125,0.10782900408213136
61114,61323,0.2722125661832995
61114,50720,0.19430167181679886
61114,73133,0.1433492356762983
61114,5359,0.05174383191634434
61114,29293,0.10423370452053596
61114,43753,0.3425798022366463
61114,54449,0.11086220473977015
61114,60282,0.10417758416871749
61114,30923,0.32441130117863937
61114,23238,0.25895668893629614
61114,73113,0.190486603447093
61114,96097,0.20899596529411615
61114,91073,0.21711580763524388
61114,714,0.24630969351371368
61114,73844,0.3548785982988839
61114,99303,0.25941395706855536
61114,6984,0.18757177945949224
61114,32605,0.1708204537607799
61114,40788,0.4235679681090763
61114,92795,0.18130823034851326
61114,68863,0.16282237511582384
61114,70282,0.1557408098619852
61114,70528,0.11867273923671834
61114,46507,0.3036806101893889
61114,85718,0.23106096547116792
61114,8115,0.2842864477694184
61114,74966,0.1551116700890673
16200,64430,0.17325566512206356
16200,58559,0.2911001772327203
16200,76868,0.31822901124483
16200,280,0.26823610679064164
16200,49078,0.36761493439896886
16200,69026,0.371622559117474
16200,40918,0.33118394145855506
16200,60515,0.18938578152068516
16200,44978,0.1974126216147241
16200,19797,0.3596671546716311
16200,27887,0.16115980669240934
16200,39868,0.1860666448549395
16200,61114,0.21512555261575295
16200,33970,0.3187301040210477
16200,41985,0.06224146570803505
16200,72179,0.32519123469648076
16200,87125,0.10484233662068333
16200,11705,0.2780583281457212
16200,82766,0.3883059960349042
16200,60568,0.1424115867954255
16200,70412,0.2799751723317821
16200,2521,0.01995891682696985
16200,99677,0.19852434683994868
16200,46167,0.14185160898368776
16200,1924,0.16703591388567227
16200,10515,0.06915770957431493
16200,45812,0.33203447610907394
16200,76976,0.3529538140099988
16200,69032,0.04087311437184797
16200,78442,0.07528089369148587
16200,83634,0.3311839902985872
16200,3125,0.21696348652436645
16200,61323,0.3691524338909731
16200,50720,0.3857225666034538
16200,73133,0.2137545013256353
16200,5359,0.20830441165616892
16200,29293,0.22299073008574505
16200,43753,0.4090901224289144
16200,54449,0.30538152641555527
16200,60282,0.2877691143051277
16200,30923,0.12593774521760592
16200,23238,0.21091277135773218
16200,73113,0.13126130780427708
16200,96097,0.12533625722123434
16200,91073,0.4156253967693532
16200,714,0.31961061189335044
16200,73844,0.13976845853331668
16200,99303,0.25949949594100163
16200,6984,0.32051085258342593
16200,32605,0.049049834013615796
16200,40788,0.2111010953394497
16200,92795,0.035028351293420044
16200,68863,0.19278822240019805
16200,70282,0.3460773042076201
16200,70528,0.10123203350384197
16200,46507,0.2682530858564705
16200,85718,0.06301762857378919
16200,8115,0.24405937639130063
16200,74966,0.06627929250717678
33970,64430,0.37208976593314186
33970,58559,0.558528141454401
33970,76868,0.24929230991305446
33970,280,0.23922978197235636
33970,49078,0.11245251520358533
33970,69026,0.13023902824263983
33970,40918,0.40721008949105403
33970,60515,0.36639899273734794
33970,44978,0.38134957277371945
33970,19797,0.22287837220849338
33970,27887,0.4061667469974973
33970,39868,0.4636813972165204
33970,61114,0.27822895353662436
33970,16200,0.3187301040210477
33970,41985,0.36946286629917224
33970,72179,0.22720595922776846
33970,87125,0.21515349421117935
33970,11705,0.2569890084045813
33970,82766,0.45604690678923143
33970,60568,0.19737806925048823
33970,70412,0.13382546773481474
33970,2521,0.29995228452565353
33970,99677,0.4041668693805876
33970,46167,0.44886426281813097
33970,1924,0.402487155690571
33970,10515,0.2851752334365926
33970,45812,0.4878599762862467
33970,76976,0.20652425782357564
33970,69032,0.3278815023397516
33970,78442,0.36806105480261414
33970,83634,0.4072103182797209
33970,3125,0.17061969713906688
33970,61323,0.08839159556109683
33970,50720,0.4447921828584933
33970,73133,0.40812014506284017
33970,5359,0.22662763948087952
33970,29293,0.17402694468598587
33970,43753,0.09145936660450804
33970,54449,0.2374234303794388
33970,60282,0.3756235716441356
33970,30923,0.43817334451771034
33970,23238,0.48925476836019655
33970,73113,0.1876182056099014
33970,96097,0.40967645133167485
33970,91073,0.4540899083704906
33970,714,0.048660309975360055
33970,73844,0.4103044990892232
33970,99303,0.512633885445341
33970,6984,0.13680676089464008
33970,32605,0.28090215451415473
33970,40788,0.43356779967597425
33970,92795,0.31025781564578986
33970,68863,0.4148378895946602
33970,70282,0.4137602677953324
33970,70528,0.3032413946166214
33970,46507,0.544677620237903
33970,85718,0.3770697357101562
33970,8115,0.5212796768361241
33970,74966,0.31424247010266326
41985,64430,0.2150667802678537
41985,58559,0.22980254051310947
41985,76868,0.32995035789036326
41985,280,0.3299071923215298
41985,49078,0.42613225762580154
41985,69026,0.40766413561537235
41985,40918,0.3089075307328841
41985,60515,0.2343291475666726
41985,44978,0.1637283591641601
41985,19797,0.37928032643245285
41985,27887,0.18912717980280197
41985,39868,0.19298089837500743
41985,61114,0.21588556371281228
41985,16200,0.06224146570803505
41985,33970,0.36946286629917224
41985,72179,0.3417138628542717
41985,87125,0.16132991491498103
41985,11705,0.2860215196295097
41985,82766,0.3630669034621285
41985,60568,0.17979049781609127
41985,70412,0.3129334295759191
41985,2521,0.08134367627773612
41985,99677,0.23456850289045647
41985,46167,0.13034369812217564
41985,1924,0.19784360573213866
41985,10515,0.08983586682779877
41985,45812,0.29081842759469095
41985,76976,0.3750367477191059
41985,69032,0.0420599556571513
41985,78442,0.02256858806370041
41985,83634,0.3089075320590259
41985,3125,0.24648054398917177
41985,61323,0.4114227518546597
41985,50720,0.36257969078738517
41985,73133,0.173816570135998
41985,5359,0.2238600292934147
41985,29293,0.2510389069718815
41985,43753,0.4580352253540817
41985,54449,0.3188185502082474
41985,60282,0.26761768356612
41985,30923,0.10940599877886496
41985,23238,0.149431314242914
41985,73113,0.1850687629241126
41985,96097,0.06584429994379845
41985,91073,0.39482330197185433
41985,714,0.36472242708768465
41985,73844,0.15932358934490623
41985,99303,0.200764183815381
41985,6984,0.35293897790067846
41985,32605,0.08856102079397281
41985,40788,0.24000976518743145
41985,92795,0.05921382388832163
41985,68863,0.1468366321479033
41985,70282,0.324308298248732
41985,70528,0.09844735991101743
41985,46507,0.20637329996376005
41985,85718,0.01556438176125985
41985,8115,0.18230237610007421
41985,74966,0.06564167978643076
72179,64430,0.46395219118782033
72179,58559,0.4413472123334453
72179,76868,0.027678929116208974
72179,280,0.41590247044200984
72179,49078,0.3396043948880834
72179,69026,0.13715163113991014
72179,40918,0.20432371511058245
72179,60515,0.4695066113952196
72179,44978,0.25250980004108464
72179,19797,0.04047769976513013
72179,27887,0.47416417294961455
72179,39868,0.5103585535651309
72179,61114,0.13709314513432655
72179,16200,0.32519123469648076
72179,33970,0.22720595922776846
72179,41985,0.3417138628542717
72179,87125,0.2676994500797317
72179,11705,0.06722617916779043
72179,82766,0.2418763221945175
72179,60568,0.1938720682488552
72179,70412,0.09790854603561448
72179,2521,0.31584116978768906
72179,99677,0.4961665021844276
72179,46167,0.46442164114964746
72179,1924,0.47628934826621183
72179,10515,0.2586557761035377
72179,45812,0.30756937932674655
72179,76976,0.04484171426852776
72179,69032,0.30555145922549015
72179,78442,0.3269474880035187
72179,83634,0.20432397456756418
72179,3125,0.11984723808158804
72179,61323,0.17988292197122674
72179,50720,0.22912090893888634
72179,73133,0.2745405956652073
72179,5359,0.11819363658961729
72179,29293,0.111837940004023
72179,43753,0.257916652626555
72179,54449,0.027042954642667046
72179,60282,0.18792814882505757
72179,30923,0.445879541263661
72179,23238,0.3956474341938065
72179,73113,0.2468931506323051
72179,96097,0.34425626051050034
72179,91073,0.2320334902950573
72179,714,0.18086767171623433
72179,73844,0.46082645751576173
72179,99303,0.3915241866521858
72179,6984,0.09329520706174045
72179,32605,0.2763328735433396
72179,40788,0.5181804612769858
72179,92795,0.2959328248228769
72179,68863,0.2979916871321917
72179,70282,0.20588604730909865
72179,70528,0.2437481704129589
72179,46507,0.4383525318302167
72179,85718,0.3559041476307791
72179,8115,0.41994787975838377
72179,74966,0.27670128428122676
87125,64430,0.19654420191963315
87125,58559,0.37740389865110147
87125,76868,0.26919713372883686
87125,280,0.19937401205871402
87125,49078,0.2648631997743646
87125,69026,0.28249391289780873
87125,40918,0.3383385424098025
87125,60515,0.20189616653103004
87125,44978,0.23835647174565353
87125,19797,0.2950987913491774
87125,27887,0.21252305245089786
87125,39868,0.26001774600927957
87125,61114,0.19800706107418997
87125,16200,0.10484233662068333
87125,33970,0.21515349421117935
87125,41985,0.16132991491498103
87125,72179,0.2676994500797317
87125,11705,0.23917560379997038
87125,82766,0.3968382263953148
87125,60568,0.0759536036551912
87125,70412,0.19907207382740852
87125,2521,0.0854101170193622
87125,99677,0.229092257207004
87125,46167,0.23528123220102964
87125,1924,0.21273301923999824
87125,10515,0.09550401180913733
87125,45812,0.3722460070042601
87125,76976,0.2848541996576843
87125,69032,0.12297910179622908
87125,78442,0.16579650169176463
87125,83634,0.3383386685306372
87125,3125,0.14822254698843598
87125,61323,0.2725453123468567
87125,50720,0.39075171551646964
87125,73133,0.26195182228145153
87125,5359,0.16666894504245433
87125,29293,0.1560426776549541
87125,43753,0.30619622305664734
87125,54449,0.25454914651924465
87125,60282,0.295183052308035
87125,30923,0.22344432894793986
87125,23238,0.29994486495151573
87125,73113,0.028491313753961772
87125,96097,0.2139605522782105
87125,91073,0.4149945253032534
87125,714,0.22076710025483262
87125,73844,0.2068177778908619
87125,99303,0.3386099811710287
87125,6984,0.23819934961408654
87125,32605,0.07741514029832197
87125,40788,0.25268627604398997
87125,92795,0.10475285599323181
87125,68863,0.2529526889125562
87125,70282,0.3512632738330952
87125,70528,0.1316143416980162
87125,46507,0.3578950605782844
87125,85718,0.16613958557781602
87125,8115,0.3334884916295146
87125,74966,0.12151869447933414
11705,64430,0.43045001638378727
11705,58559,0.374121354367337
11705,76868,0.04613391253691145
11705,280,0.4110638575954773
11705,49078,0.3662059003347872
11705,69026,0.19344154150521148
11705,40918,0.15187572292327794
11705,60515,0.4388437631555338
11705,44978,0.18547796359743327
11705,19797,0.10747763442700342
11705,27887,0.43408757109966667
11705,39868,0.4640516167000098
11705,61114,0.07291061990436737
11705,16200,0.2780583281457212
11705,33970,0.2569890084045813
11705,41985,0.2860215196295097
11705,72179,0.06722617916779043
11705,87125,0.23917560379997038
11705,82766,0.19906890807291527
11705,60568,0.16331106089089398
11705,70412,0.1240776363061495
11705,2521,0.27176047800918357
11705,99677,0.46144873424068
11705,46167,0.4127905771402665
11705,1924,0.4375862034814303
11705,10515,0.20924061126403082
11705,45812,0.24660390905741458
11705,76976,0.11130033024807255
11705,69032,0.25308806686147844
11705,78442,0.26933647413129425
11705,83634,0.15187596523280922
11705,3125,0.10583611543824653
11705,61323,0.22909789494550944
11705,50720,0.1879752416325696
11705,73133,0.20731682317105304
11705,5359,0.07319774823944164
11705,29293,0.09829169223775336
11705,43753,0.3050521525115342
11705,54449,0.040183406763831316
11705,60282,0.12712363937062207
11705,30923,0.39322857334368805
11705,23238,0.3293982558130945
11705,73113,0.22395831458304094
11705,96097,0.28190379329209203
11705,91073,0.19995457446860074
11705,714,0.21628163965726052
11705,73844,0.41702176184852563
11705,99303,0.3242980730671869
11705,6984,0.13959035987779586
11705,32605,0.23072382771660152
11705,40788,0.4807844903238736
11705,92795,0.24605511360250312
11705,68863,0.23114865068372054
11705,70282,0.15718550095435363
11705,70528,0.1876767763129283
11705,46507,0.3712754481262086
11705,85718,0.30087193184298267
11705,8115,0.3531113811403443
11705,74966,0.2229115594650347
82766,64430,0.560723667228326
82766,58559,0.3150853454746599
82766,76868,0.2148826105125656
82766,280,0.5895284945087333
82766,49078,0.5649282438325611
82766,69026,0.37883342258368813
82766,40918,0.05861651651998811
82766,60515,0.5749707330449233
82766,44978,0.2002550139456016
82766,19797,0.2688640392041269
82766,27887,0.5473601722072254
82766,39868,0.5557679609879105
82766,61114,0.20163870318857516
82766,16200,0.3883059960349042
82766,33970,0.45604690678923143
82766,41985,0.3630669034621285
82766,72179,0.2418763221945175
82766,87125,0.3968382263953148
82766,11705,0.19906890807291527
82766,60568,0.3295978864704558
82766,70412,0.3227530428977147
82766,2521,0.391877027140421
82766,99677,0.5868298373055544
82766,46167,0.4892584446555451
82766,1924,0.5543567166514923
82766,10515,0.3265119181263115
82766,45812,0.12252354095350047
82766,76976,0.2815032505126286
82766,69032,0.3500995710557844
82766,78442,0.3407145890489312
82766,83634,0.0586164064439834
82766,3125,0.29729835381191183
82766,61323,0.4212288296562026
82766,50720,0.013783761069963407
82766,73133,0.19752453621378158
82766,5359,0.24668736801797134
82766,29293,0.29104803805381396
82766,43753,0.49896709162614095
82766,54449,0.22315605359270863
82766,60282,0.10238977438855104
82766,30923,0.4675888454491405
82766,23238,0.31562666015170876
82766,73113,0.3916778144113036
82766,96097,0.32150071024415433
82766,91073,0.0421066816291889
82766,714,0.4145128794677204
82766,73844,0.5207552249860794
82766,99303,0.2745461955318504
82766,6984,0.3325350662978482
82766,32605,0.3540352958480544
82766,40788,0.5981475239882569
82766,92795,0.35354383858620386
82766,68863,0.2312132961860865
82766,70282,0.045898865195113575
82766,70528,0.2882783728585332
82766,46507,0.3277461526576599
82766,85718,0.3781080092144485
82766,8115,0.3214644728192388
82766,74966,0.3220294307894714
60568,64430,0.2704633145642666
60568,58559,0.36253637816764644
60568,76868,0.1937520595828965
60568,280,0.25995559974111876
60568,49078,0.2765065587008553
60568,69026,0.2298067516839329
60568,40918,0.27184585906155595
60568,60515,0.27712779813448446
60568,44978,0.19584787676117707
60568,19797,0.22388239051909117
60568,27887,0.28094563778261217
60568,39868,0.32122834880321516
60568,61114,0.12806112953138876
60568,16200,0.1424115867954255
60568,33970,0.19737806925048823
60568,41985,0.17979049781609127
60568,72179,0.1938720682488552
60568,87125,0.0759536036551912
60568,11705,0.16331106089089398
60568,82766,0.3295978864704558
60568,70412,0.13758691928178074
60568,2521,0.12859684027129234
60568,99677,0.30245670502214556
60568,46167,0.28408446470967125
60568,1924,0.2826622352840587
60568,10515,0.0907809360021231
60568,45812,0.3209173663623381
60568,76976,0.21513378785713583
60568,69032,0.1378653667400741
60568,78442,0.17434819101613191
60568,83634,0.2718460121020354
60568,3125,0.07690232705021377
60568,61323,0.2316568763604942
60568,50720,0.3223603705280778
60568,73133,0.22202459390838955
60568,5359,0.0912818499616485
60568,29293,0.08396947179461703
60568,43753,0.28185526510268105
60568,54449,0.179255693923262
60568,60282,0.23017902889946043
60568,30923,0.26829790492817707
60568,23238,0.29192659530963105
60568,73113,0.06281237720959044
60568,96097,0.2129603749420487
60568,91073,0.34442792422561447
60568,714,0.1860701371575823
60568,73844,0.26988139463667143
60568,99303,0.31802294789309904
60568,6984,0.17811732596724475
60568,32605,0.0951486505636883
60568,40788,0.3243275226260313
60568,92795,0.12226430884757777
60568,68863,0.22254542036537506
60568,70282,0.28370432070187457
60568,70528,0.10603901511303802
60568,46507,0.347694680917837
60568,85718,0.19024248302440705
60568,8115,0.32412315655032864
60568,74966,0.1189428484853462
70412,64430,0.39295904360167305
